37
222
90
114
187
50
147
83
0
230
250
74
95
8
26
172
136
121
17
210
41
102
57
61
228
82
203
190
24
246
38
212
125
59
181
221
254
253
107
18
25
105
201
124
211
196
206
138
167
127
184
142
78
245
79
108
110
81
77
47
9
131
232
116
236
159
73
87
235
75
191
165
174
220
71
219
247
100
106
48
179
14
239
31
98
243
5
19
60
39
231
23
242
11
199
72
141
43
183
62
214
40
162
22
118
113
49
189
207
198
97
213
10
216
209
130
249
3
149
29
135
233
123
240
163
34
133
56
1
150
140
171
117
146
223
96
109
225
64
205
192
28
173
185
103
197
200
84
111
157
244
145
52
170
241
139
27
126
158
92
194
85
2
148
226
33
251
55
204
252
132
20
13
161
115
134
89
137
7
217
21
178
208
168
86
188
112
36
176
224
128
51
63
30
104
101
218
46
237
160
120
152
68
255
58
155
122
166
70
193
238
91
45
129
227
54
42
182
4
69
154
88
151
175
234
6
248
93
15
66
119
76
53
12
94
177
195
215
32
99
144
143
156
80
180
169
67
186
44
202
153
65
35
229
16
164
