38
92
115
30
52
203
0
240
163
122
28
220
170
119
161
159
126
233
148
105
15
32
189
58
42
18
99
37
146
185
113
215
76
180
218
181
69
139
182
63
45
128
234
39
12
46
247
80
131
3
156
144
169
61
197
13
186
59
214
135
114
35
129
89
120
160
207
246
187
117
136
196
127
104
96
84
82
230
43
223
225
40
235
27
47
97
206
199
26
29
219
221
53
179
210
198
10
254
44
72
91
249
2
237
14
1
6
162
71
107
85
67
56
204
25
16
100
165
11
239
188
245
137
66
232
106
55
174
158
213
74
175
227
134
93
102
164
228
141
57
112
177
17
81
205
132
172
149
116
242
151
152
19
130
255
166
98
173
24
183
143
64
33
4
78
244
124
155
21
79
8
110
224
184
191
41
168
231
154
142
192
243
145
176
252
90
49
111
34
209
109
140
236
121
216
212
83
138
5
167
118
222
190
171
60
238
50
51
217
150
178
250
7
200
20
68
251
241
103
108
87
193
157
195
36
211
133
62
253
48
65
248
226
208
75
201
88
153
95
23
101
125
22
94
31
147
9
54
86
77
229
73
194
123
202
70
